862
644
495
683
722
847
444
774
754
724
806
469
814
686
764
435
444
879
691
714
472
883
597
6
597
798
459
879
614
765
475
927
602
765
496
643
846
556
625
6
6
534
634
543
806
763
609
678
617
816
666
602
664
658
716
590
699
798
619
609
843
641
702
592
730
795
583
794
884
400
789
342
360
794
352
1086
447
802
430
1071
348
832
517
1013
352
867
509
1053
373
818
641
874
489
708
657
876
898
482
756
688
780
498
775
542
765
550
850
634
508
694
701
843
808
465
777
728
764
506
787
690
754
437
875
661
736
477
883
565
607
786
461
872
618
762
475
940
933
607
766
495
651
866
525
632
542
833
723
590
604
818
666
582
704
758
650
610
689
785
601
622
820
645
720
604
728
787
605
636
628
771
715
624
574
796
900
400
392
789
346
1081
450
798
434
1060
391
839
509
1022
327
872
514
1045
350
838
616
872
485
707
652
867
856
505
741
683
813
467
775
523
458
774
537
870
612
504
695
706
813
462
764
728
773
492
802
694
810
660
774
430
883
678
727
470

6
6
469
879
520
875
457
864
874
499
476
941
571
789
489
651
795
680
517
637
522
833
736
599
691
788
795
659
607
803
681
702
598
727
792
587
625
769
706
617
586
775
591
782
918
368
793
326
1069
446
805
417
1027
402
838
466
1035
350
472
1023
343
865
507
1051
331
833
838
612
828
526
704
635
864
651
754
679
780
490
776
539
816
804
493
686
716
820
455
436
859
674
775
481
793
692
743
451
865
627
624
759
469
936
574
774
497
647
878
737
629
539
805
718
599
602
786
684
600
653
775
630
608
690
673
787
599
609
814
672
682
600
602
714
794
581
636
759
717
619
759
712
626
583
768
911
358
830
1057
347
850
498
994
330
878
504
487
1028
353
839
615
819
524
711
707
638
872
465
765
671
806
710
462
764
546
860
623
495
682
691
818
438
770
720
774
494
794
600
750
437
856
673
726
487
858
588
808
461
856
627
745
455
533
811
477
633
540
827
733
569
604
809
668
598
672
756
639
617
686
784
613
674
802
596
599
815
683
621
610
725
782
580
650
767
688
6
1073
604
599
423
1062
373
834
485
832
503
997
357
866
509
1038
339
833
625
832
516
695
664
861
475
746
679
790
480
771
539
858
627
856
624
492
687
712
825
447
759
757
721
772
487
795
683
758
442
868
667
723
475
872
593
785
460
867
609
758
481
942
570
778
485
653
883
481
640
534
815
723
589
708
592
597
796
612
595
829
665
673
608
606
719
791
574
638
774
718
619
601
756
891
398
762
325
319
1096
418
819
400
1082
348
852
830
508
1007
346
863
507
1030
348
829
621
829
531
693
647
868
481
748
676
806
466
762
536
845
649
499
672
721
818
453
756
711
794
496
796
656
781
444
846
677
734
732
446
890
594
797
450
869
625
623
748
467
933
591
770
482
599
865
513
628
529
825
707
602
689
668
806
672
590
824
663
701
593
594
731
790
577
632
773
709
591
604
768
891
413
760
328
1073
449
795
435
1047
364
833
482
1012
353
985
356
858
510
1059
326
829
613
610
833
523
699
645
876
455
767
758
671
809
462
762
545
720
777
503
678
715
807
468
761
687
730
764
484
794
7
582
782
457
868
622
721
470
936
586
766
488
648
6
858
500
639
529
823
737
572
595
599
790
692
573
677
773
635
596
678
796
601
584
834
661
700
655
708
601
723
778
593
635
332
702
634
580
782
892
393
832
501
840
329
1086
350
867
498
1050
351
1030
341
835
612
840
507
714
642
643
858
470
763
678
810
461
775
773
537
848
633
495
684
715
815
823
442
770
712
767
487
796
583
764
447
858
676
714
468
955
557
588
801
437
640
857
530
633
535
818
750
504
604
806
669
575
679
751
738
597
696
785
605
583
835
825
648
712
599
726
792
568
640
769
708
628
582
779
894
408
758
319
1080
461
783
443
1037
381
839
506
1011
318
887
508
1040
333
837
1059
6
312
833
620
678
799
463
713
643
832
518
490
684
708
828
821
770
754
719
764
503
778
706
721
18
6
432
858
670
727
450
873
584
805
449
862
631
734
470
947
582
772
487
642
877
508
630
535
810
720
594
588
814
670
600
668
752
643
623
669
792
603
579
836
651
707
593
735
781
583
631
759
721
598
593
778
890
395
761
343
1082
431
798
427
1060
368
828
496
997
331
885
508
1035
350
825
617
848
494
713
652
806
525
491
673
804
468
763
523
846
642
494
685
704
823
454
753
705
788
469
444
791
647
772
460
853
606
764
754
470
936
569
772
498
628
855
652
879
499
633
528
821
715
587
584
768
719
596
657
767
648
608
670
802
600
589
823
667
701
601
729
774
597
628
767
706
616
596
779
911
368
768
338
1073
439
808
430
1066
359
825
509
1014
336
849
871
504
1050
327
835
615
835
492
798
500
717
514
848
637
500
685
720
477
458
752
721
790
476
795
499
785
693
732
449
856
670
740
451
887
590
794
453
865
634
732
634
732
468
950
563
780
487
648
869
502
639
531
822
718
624
625
601
783
693
590
661
767
692
606
695
607
722
791
586
626
765
715
632
572
783
886
6
380
777
317
777
322
1076
451
796
415
1059
368
844
496
989
337
864
521
1054
310
308
843
617
838
512
709
536
854
498
746
679
789
478
462
750
710
728
629
480
788
697
730
445
853
872
660
726
467
880
578
806
458
452
864
636
731
458
949
577
767
574
768
493
652
859
512
639
530
811
737
579
588
797
670
597
826
573
755
641
697
597
713
786
595
594
621
777
710
622
584
780
903
394
770
335
1070
442
799
430
1065
349
830
493
996
364
857
498
1051
517
1023
337
833
614
824
529
710
714
641
840
504
736
684
768
780
467
753
547
851
621
481
795
683
697
800
436
849
674
713
473
880
727
441
885
594
783
458
861
641
735
468
946
575
775
479
643
857
510
624
542
804
731
596
591
806
823
671
596
663
764
626
593
723
795
600
597
626
770
716
611
587
579
779
902
381
781
316
1068
463
792
423
1061
385
828
497
1014
322
338
865
497
1035
352
819
635
844
516
701
633
882
469
758
672
809
765
495
762
547
840
6
626
494
493
678
709
826
749
420
868
689
742
494
794
580
799
446
872
626
856
613
746
482
938
557
772
493
500
643
863
510
631
533
814
727
802
741
588
587
815
677
604
677
6