115
113
119
116
115
122
115
111
112
114
115
113
118
121
113
116
113
113
112
113
115
116
114
117
116
118
119
123
114
114
114
115
115
115
109
114
115
113
115
115
121
119
116
115
113
116
108
115
101
114
116
113
118
113
122
114
114
112
112
113
113
115
114
114
116
119
118
114
118
113
115
114
115
114
114
114
113
119
116
113
118
116
115
114
116
115
115
114
114
117
113
118
113
122
115
115
113
113
113
115
116
114
114
117
118
116
124
118
118
114
115
114
114
115
113
115
111
115
119
118
113
116
116
114
113
115
116
114
114
116
114
117
104
114
123
116
114
115
113