10
10
10
12
9
10
11
9
8
9
10
9
10
10
10
11
10
10
10
9
9
8
8
9
10
10
11
10
19
8
10
10
9
9
9
8
10
10
10
10
11
10
10
10
9
9
8
8
9
9
9
10
11
10
9
13
10
10
8
9
8
9
10
10
10
11
8
9
10
11
9
9
8
7
10
9
10
10
9
10
9
9
9
10
7
11
11
10
10
10
11
11
9
10
9
9
8
8
11
8
10
10
10
10
10
10
10
11
8
8
9
9
9
9
10
10
11
9
10
9
9
7
7
8
11
8
9
9
10
9
10
10
10
10
9
9
8
10
10
10
11
10