113
117
114
142
115
114
113
113
113
114
116
131
117
114
116
119
120
125
119
119
115
115
116
115
115
116
115
114
115
113
115
116
114
122
120
118
117
116
115
116
117
113
113
117
113
115
115
115
117
117
114
118
119
122
119
123
114
112
115
130
115
114
114
115
116
117
115
117
114
117
118
120
124
114
135
115
115
116
115
117
137
113
116
114
115
115
113
119
114
117
116
116
114
113
113
112
115
114
118
113
119
122
119
123
116
114
115
131
114
114
114
113
131
132
115
117
133
118
119
115