5208
5208
5544
8323
7085
9935
9935
8426
11723
10476
11664
5993
5993
5235
5235
5235
5790
5790
14325
14325
14325
10382
11181
11858
6022
6022
14207
14207
8506
12324
5410
13678
4582
4582
9529
5302
5302
13383
7471
10486
9505
6027
6027
8301
8301
9964
7487
10009
6280
6280
8809
9288
7628
6320
8689
9775
5839
8795
9253
6670
6193
6193
6193
5839
9436
9436
4781
7574
7574
7574
4703
4703
4320
4320
8211
6384
10894
10894
4079
4320
8244
7678
9356
5629
7177
7177
7177
8244
8133
5670
7713
7713
8479
9131
5424
8133
9896
9588
11192
5176
5176
5176
11498
5057
11693
6024
6024
5690
13419
9863
9863
9863
5986
5986
14103
8600
14229
10246
11284
5986
13435
13435
5406
13742
8722
10505
5447
5447
6581
6604
6604
6604
7526
10070
9695
11103
8941
8941
9494
8351
10139
8225
6471
6471
7588
7588
7588
7990
5894
10221
5949
7588
5482
9208
6805
6230
6230
9364
8164
7049
7803
7803
7803
5452
11368
11456
11456
5213
6516
11272
3828
3828
3828
4142
8378
8378
7588
7588
7197
7197
7802
9317
5645
7588
7037
9779
8181
5260
5260
9773
9773
8152
11515
11515
10249
11202
5881
4983
4983
4983
11406
5643
5643
5643
14079
10340
11013
6025
8570
8449
11798
11798
11798
5361
5361
13440
4894
9607
11094
5378
13414
7523
10248
4894
10086
9636
6056
6056
6056
8400
9983
8322
8781
9752
6760
9529
7506
5956
6415
8781
9259
6759
6258
6258
6258
6372
6372
8717
4969
7516
7516
7516
4639
4639
11953
9451
8285
8285
8285
6324
10841
4196
11470
4430
7246
7246
8149
8149
7673
7673
9333
5600
8317
9065
5370
8113
7058
7563
7563
7563
5374
5374
5374
11569
9823
9516
9516
10923
5855
5855
13275
10227
11378
5713
11382
5855
5994
14291
8471
11976
668
668
5994
5994
7411
10354
10354
5739
5739
5739
13244
13244
7547
10060
10060
10060
9371
6691
6489
6489
7515
10040
8192
6408
6408
6408
8891
9551
6004
6004
10255
7937
7899
6019
6019
6019
8272
6998
5629
5629
9305
6236
9407
9407
4721
11720
5326
7914
7914
5483
11630
4340
8460
6538
11283
3890
8226
8226
8226
8460
5709
7664
7664
7664
8431
7889
9300
9300
8154
8154
7128
7128
9808
8219
5273
9868
11667
10422
11463
5824
5824
5824
13298
5213
5939
5939
5761
5761
14153
10268
11225
5939
13624
8672
14000
9635
9635
9635
627
5503
9614
10980
13258
7549
10439
4675
4675
4675
9262
9262
6124
6124
6124
8361
10186
8171
8793
9804
6741
6036
6036
6036
6490
6490
6225
6225
6001
6001
6001
8795
9323
6744
4679
4679
11785
327
4865
7623
7623
7623
10554
10554
10554
4032
8341
8341
8341
10554
7250
7250
7823
7726
8502
803
5583
7250
8363
9052
5540
8101
8101
8101
7121
9929
10785
5131
5131
5131
11603
10408
10785
10785
11233
11233
5803
5803
5803
9938
9938
11233
11019
11019
6011
6011
14171
8670
11942
5459
7626
7626
13539
8815
10476
5421
13419
7626
10285
9253
6771
6469
6469
6469
7487
7487
6414
8916
9516
7470
6461
6461
6461
6414
7936
5982
5982
5982
8759
10239
10239
7909
5639
5639
5639
9288
9466
9401
8223
6941
11576
4439
11537
5509
7853
7853
7853
5484
397
3827
8242
8242
8242
7743
10743
10743
7347
7962
9573
5630
7695
7695
7695
8430
9535
8064
8064
8064
8064
5117
5117
9996
11732
10612
11490
5898
5898
13497
5118
5118
6046
6046
5884
5884
14431
14431
10372
11553
8963
6046
14388
8787
12100
5530
13797
13797
7884
10240
4745
4745
9721
9721
10649
7175
9270
6206
8457
8457
10191
8217
8217
8217
6480
8874
9894
6849
6139
6139
6139
6480
9057
9057
9057
6660
6347
6347
6347
9513
4810
7680
7680
4737
11878
9596
9596
9596
5548
11694
4514
8355
8355
6438
11200
4102
8373
7845
9501
5618
7354
7354
7354
8001
8277
7122
7718
7718
7718
8510
9287
5527
10047
9613
11675
5180
5180
5180
11833
10047
11552
11552
5810
5810
5810
10520
11552
11552
6143
6143
6143
14378
8817
14451
10595
11317
13628
13823
13823
8807
10788
5496
5496
5496
6720
6699
6699
7795
10221
4730
9832
11084
6173
8403
10295
8251
6476
6476
9024
9663
6794
6096
6096
6096
10233
10233
7978
7948
8384
6882
5632
5632
5632
6216
6216
9422
7884
5505
7590
7590
4726
11775
5329
7884
6522
11256
11011
4046
8487
8487
8487
6522
5627
7273
7273
7273
7860
9301
5732
7650
7143
9890
8447
5160
5588
8229
8229
8229
5113
5113
11754
10440
11567
5933
5933
5933
13467
10332
11465
5873
14278
10522
5933
5933
5496
13627
14342
8764
8764
12038
5496
5496
13567
13567
7723
10407
4689
4689
9688
5503
6301
6301
8413
6615
7583
7583
10525
9290
9064
9582
7698
6499
6499
8831
9916
6462
6033
8765
8765
9177
9177
6887
6033
6033
9526
9526
9526
9526
5065
7599
4726
9369
4418
8317
8317
6378
7853
7853
5586
11615
9235
6553
11113
4039
8264
8264
8264
7743
5684
7760
7760
7760
8434
8992
5671
8121
5163
9905
9452
11212
11212
11212
5163
5163
10337
11596
10383
11405
5928
11278
5928
13322
5611
14154
10618
11175
5957
5957
14189
14189
5453
5453
5533
5533
5533
13578
8885
10532
7562
10893
6872
6558
6558
6558
7562
7562
10166
8169
6404
6404
8941
8941
8415
8415
10175
10175
7971
9809
6850
6129
6129
6129
9401
8319
6926
6870
6257
6257
6257
9401
5123
7853
7853
7853
5540
11919
5123
5123
8366
8366
6346
11052
4089
8449
8449
6612
7359
7359
7979
9379
5691
7815
9404
5583
5620
8232
5145
9833
9833
9833
9833
8477
11260
11260
5261
11737
10618
11381
9307
11260
6054
13467
10410
11555
5800
5800
5800
14329
14329
8625
8625
8625
8625
8625
11981
5530
7898
10228
10228
10228
4634
4634
4634
9778
6316
6758
6701
7576
10501
9253
6316
6316
9010
9652
7532
6547
8769
8769
6452
6452
7671
7671
7951
6085
6085
6085
8799
8799
5671
9413
9480
9480
9480
4990
8331
6867
5503
11622
4398
8335
8335
8335
6353
5503
8256
8256
8256
7783
11375
3580
3580
3580
9191
7909
9447
5632
7667
7667
7667
8411
5094
5094
9982
9982
9566
11236
9663
8692
10080
10136
11699
5946
5946
13373
10080
10080
6082
6082
5678
5678
5678
14291
10481
11207
5493
13645
8666
10837
5410
5410
5410
5493
6695
6695
6695
6600
6600
6600
9809
10908
10070
10070
8170
6453
6453
6453
8968
8351
6096
6096
6096
10254
8793
9872
9872
6773