1745
1745
1072
2022
763
763
1804
1804
999
2147
538
2326
670
2076
638
2254
1290
1624
1460
1267
1461
1480
1597
1173
1521
1425
1751
891
1268
1773
1289
1209
901
2376
2376
660
2152
641
2322
720
2172
539
1798
1990
917
1587
1110
2028
1774
923
1830
1352
1603
1131
1795
1296
1790
955
1747
1409
1646
1259
1427
1525
931
1769
1049
2018
1162
1499
1499
1183
1856
1301
1354
1400
1607
1586
1278
1278
1235
1414
1506
1682
1171
1568
1305
2044
1020
1632
1191
2056
802
1840
1132
1670
1650
1573
1332
1308
1638
1622
1179
1179
1647
1400
1468
1339
1639
1362
1555
1360
827
1841
1157
2114
807
1928
1029
2265
539
1585
1304
2023
1003
1617
1201
2095
1550
1387
1327
1630
1349
1499
1193
1861
1332
1499
1349
1690
1682
1339
1379
1660
1205
2088
822
1882
1044
2233
827
1944
1043
2326
538
2473
728
2204
656
2369
1360
1632
1589
1353
1503
1476
1713
1220
1558
1454
1829
885
1828
1365
1670
1329
657
2351
768
2162
571
1740
2030
980
1600
1082
2065
934
1781
1066
2032
1181
1593
1115
1741
1274
1544
1329
1449
1449
1663
1208
1520
1417
1805
907
1780
1318
1971
1202
1483
1178
1864
1283
1339
1371
1582
1567
1285
1285
1241
1593
1586
1147
1704
1151
1573
1286
1991
1002
1607
1767
973
1715
1380
1655
1215
1215
1357
1515
1636
1588
1145
1552
1429
1438
1324
1597
1359
1524
1357
1271
1629
1355
1453
1193
810
1882
1012
1676
561
1611
1274
2025
984
1625
1202
2013
813
1834
1111
2065
1386
1437
1215
1792
1332
1467
1467
1308
1627
1627
1655
1283
1335
1614
1517
1323
1793
1123
2088
822
1895
1040
2223
537
2397
667
2189
650
2337
760
2169
555
1498
1376
1770
1218
1544
1414
1869
907
1814
1374
1646
1147
1798
1330
1753
1004
567
1767
1955
1003
1614
1114
2048
965
1740
1069
2062
1158
1531
1147
1918
1338
1807
1019
1763
1403
1715
1223
1530
1464
1825
922
1818
1331
1683
1144
1808
1319
1333
1364
1426
1630
1557
1326
1309
1666
1603
1163
1642
1414
1457
1353
1622
1380
1356
1788
999
1783
1390
1729
1228
1437
1527
1726
1160
1609
1287
2038
987
1645
1317
1516
1371
1286
1633
1354
1462
1211
1633
1580
1189
1618
1436
1427
1339
1713
1175
2062
811
1836
1119
2112
818
1894
1049
2226
571
2415
672
2178
667
2309
1695
1304
1516
1368
1368
1284
1654
1355
1453
1188
1785
1365
1467
1314
1660
1619
2426
684
2175
686
2311
739
2184
557
1792
1962
950
1621
1096
2042
950
1747
1467
1323
1653
1617
1300
1326
1622
1526
1303
1496
1454
1680
1211
1538
1418
1830
2018
959
1716
1716
1041
2044
1182
1514
1180
1897
1310
1339
1412
1642
1555
1291
1396
1730
1181
1549
1371
1881
919
1805
1258
1740
1121
1769
1331
1765
1003
1741
1353
1396
1632
1600
1279
1279
1267
1669
1579
1159
1609
1398
1430
1313
1313
1685
990
1642
1193
1750
795
1746
1415
1673
1228
1387
1516
1723
1163
1603
1292
2031
1340
1651
1304
1510
1339
1291
1633
1349
1451
1197
1812
1339
1469
1297
1674
1626
2029
967
1636
1203
2065
809
1851
1137
2106
795
1924
1046
2229
530
2392
692
1319
1684
1622
1321
1345
1616
1545
1347
1470
1455
1672
1211
1542
1409
1862
911
533
2407
691
2174
635
2338
703
2219
559
1758
1972
977
1627
1121
2052
942
1423
1845
894
1811
1346
1626
1134
1782
1314
1784
1004
1510
1470
1661
1223
1521
1595
1110
2046
957
1739
1043
2061
1169
1515
1186
1901
1299
1340
1340
1383
1628
1418
1690
1244
1382
1557
1691
1174
1585
1289
1642
1115
1768
1302
1811
985
1738
1339
1385
1636
1553
1295
1279
1279
1596
1608
1144
1605
1392
1440
1307
1666
1319
1208
2049
808
1857
1123
2108
801
801
1917
1917
1024
2264
539
2008
1019
1624
1323
1660
1330
1524
1363
1287
1623
1341
1434
1226
1791
1321
1467
1298
1640
1654
2413
654
2230
646
2338
742
2179
539
1839
1132
2077
811
1908
1037
2220
556
1451
1327
1679
1618
1293
1343
1606
1550
1304
1487
1466
1692
1196
1555
1435
1828
539
2354
687
2145
667
2314
748
2157
521
1804
1925
963
1611
1113
2000
937
917
1804
1376
1612
1147
1147
1783
1318
1767
996
1752
1357
1747
1228
1415
1519
980
1723
1054
2019
1197
1499
1184
1818
1355
1355
1393
1620
1612
1307
1302
1598
1699
1131
1131
1623
1274
1144
1782
1327
1778
998
1751
1396
1691
1233
1408
1512
1662
1600
1147
1650
1387
1429
1336
1626
1404
1520
1352
1288
1639
1350
1467
1229
1275
1394
1542
1718
1128
1631
1270
2018
1013
1644
1208
2053
827
1870
1116
2088
1374
1499
1202
1771
1381
1480
1480
1313
1675
1649
1298
1339
1339
1662
1534
1307
801
1816
1140
2072
827
1908
1055
2208
553
2406
690
2155
667
2302
758
2143
1499
1302
1624
1699
1275
1336
1656
1538
1307
1512
1470
1675
1211
1553
1431
1816
2045
952
1767
1055
2004
1235
1529
1193
791
2168
547
1787
1970
942
1621
1122
1549
1420
1864
920
1782
1342
1645
1137
1137
1769
1305
1789
990
1790
1396
1696
1592
1591
1337
1275
1604
948
1736
1036
2036
1204
1531
1197
1883
1353
1342
1411
1684
1464
1653
1275
1400
1530
1711
1179
1587
1290
2016
1018
1613
1212
2014
825
1418
1601
1591
1324
1269
1646
1598
1163
1605
1366
1446
1354
1671
1301
1528
1371
818
1845
1100
2089
811
1879
1022
2250
550
2391
713
2170
665
1626
788
2035
1371
1284
1606
1383
1467
1206
1795
1337
1483
1323
1679
1622
1276
1276
1335
1607
651
651
2290
784
2177
565
1764
1961
965
1600
1118
2016
963
1707
1052
2141
1666
1261
1261
1333
1643
1523
1316
1462
1402
1728
1199
1535
1313
1927
905
1815
1037
2005
1173
1514
1175
1850
1330
1336
1765
1948
967
1609
1121
2014
965
1719
1769
1303
1680
1119
1761
1293
1789
982
1755
1376
1653
1258
1354
1519
1688
1147
1599
1037
1974
1230
1531
1176
1869
1325
1307
1307
1367
1610
1568
1310
1281
1650
1502
1699
1102
1618
1284
1965
1019
1598
1237
1992
831
1849
1110
2068
811
1877
1608
1582
1115
1660
1382
1440
1314
1660
1323
1520
1342
1274
1612
1354
1462
1174
793
1879
1042
2218
539
2349
668
2184
635
635
2301
754
2100
571
1750
1941
1613
1363
1451
1198
1750
1341
1447
1305
1643
1610
1298
1334
1566
1566
1336
1463
541
1775
1915
967
1595
1094
2006
981
1720
1006
2038
1168
1531
1162
1877
1300
1307
1474
1371
1764
1195
1540
1379
1863
894
1770
1233
1716
1117
1117
1755
1217
1484
1184
1873
1314
1339
1365
1636
1577
1319
1246
1635
1605
1147
1617
1385
1458
1704
1120
1780
1241
1796
987
987
1739
1367
1711
1213
1388
1526
1695
1147
1147
1600
1616
1115
1115
1115
1621
1362
1438
1307
1651
1322
1519
1358
1289
1630
1342
795
1383
1491
1688
1124
1618
1285
2001
1016
1613
1177
2062
795
1846
1098
2065
1352
1460
1197
1775
1356
1465
1280
1660
1655
1269
1332
1573
1550
1303
1504
1384
1869
1120
2075
807
1863
1045
2217
534
2363
709
2118
667
2303
751
2148
571
1465
1355
1743
1195
1520
1319
1926
912
1798
1260
1711
1126
1785
1270
1783
983
567
1737
1958
935
1595
1595
1085
2012
955
1707
1707
1033
2013
1178
1467
1158
1100
1776
1260
1758
970
1704
1390
1636
1226
1370
1469
1673
1100
1581
1265
1989
1611
1149
1467
1147
1855
1272
1286
1286
1346
1552
1543
1295
1257
1595
1561
1115
1663
1115
1115
1559
1262
1951
982
1582
1180
1981
790
1794
1110
2030
795
1859
1158
1751
1319
1437
1298
1631
1622
1269
1318
1494
1323
1323
1244
1591
1329
1415
793
1858
1014
2204
520
2356
696
2105
630
2261
745
2104
519
1742
1943
928
1466
1391
1672
1165
1165
1492
1337
1796
875
1729
1270
1640
1099
1753
1221
1766
1477
1149
728
2103
554
1686
1906
936
1534
1091
1968
928
1669
1027
1990
1167
1100
1727
1212
1758
986
1698
1328
1664
1204
1361
1483
1661
1113
1559
1227
1970
1437
1481
1156
1844
1304
1327
1353
1594
1550
1291
1265
1601
1551
1147
1570
1363
1268
1996
999
1587
1180
1992
795
1787
1093
2065
810
1866
1002
2215
528
2350
1450
1344
1420
1296
1640
1316
1493
1339
1273
1615
1322
1435
1435
1169
1751
1307
2219
511
2377
698
2126
662
2241
791
2094
556
1712
1941
940
1563
1088
2004
1771
1332
1451
1303
1660
1614
1256
1321
1616
1498
1309
1474
1425
1663
1214
1534
2004
955
1672
1034
2056
1151
1499
1148
1889
1273
1337
1325
1630
1544
1275
1275
1664
1177
1507
1410
1791
898
1799
1252
1665
1126
1754
1228
1792
987
1680
1389
1566
1303
1304
1617
1562
1114
1114
1614
1365
1420
1311
1650
1302
1550
1339
1255
1716
1416
1654
1243
1243
1386
1442
1736
1124
1619
1283
2018
1016
1622
1189
2059
1499
1320
1274
1615
1339
1435
1196
1768
1341
1443
1306
1640
1624
1275
1325
1585
1193
1991
817
1832
1092
2076
798
1870
987
2232
507
507
2341
694
2148
639
1628
1275
1331
1618
1516
1333
1456
1316
1778
1196
1520
1444
1784
908
1780
1274
2148
635
635
2267
770
2102
569
1735
1963
946
1595
1117
1976
988
1691
1045
1799
892
1750
1320
1629
1138
1787
1288
1773
981
1735
1374
1683
1207
1397
1465
1294
1981
1002
1696
1051
2018
1189
1484
1484
1151
1871
1303
1320
1404
1574
1568
1386
1655
1214
1373
1518
1657
1147
1545
1274
1981
997
1579
1194
1987
811
1822
1339
1339
1282
1588
1340
1421
1421
1144
1789
1326
1451
1289
1307
1643
1321
1501
1608
1185
2012
799
1825
1088
2092
800
1897
1032
2207
534
2370
688
2165
646
1438
1258
1660
1627
1281
1322
1590
1554
1307
1502
1465
1627
1211
1526
1370
1825
2230
538
2387
706
2156
665
2300
652
2241
568
1728
1959
943
1593
1112
1991
1420
1420
1795
875
1822
1310
1637
1147
1772
1281
1795
979
1737
1403
1717
1206
1125
1990
1018
1691
1040
2015
1234
1515
1182
1895
1349
1347
1367
1654
1589
1323
1394
1452
1816
911
1799
1365
1610
1147
1793
1265
1792
987
1755
1376
1701
1228
1304
1649
1598
1179
1619
1400
1430
1323
1683
1298
1563
1356
1356
1296
1629
1368
1230
1422
1523
1712
1171
1586
1335
2017
1028
1634
1223
2031
814
1865
1095
2078
1649
1400
1483
1215
1860
1387
1470
1365
1706
1464
1338
1695
1339
1565
1364
1311
1874
1121
2116
810
1889
1074
2236
544
2392
714
2143
709
2311
789
2172
571
1307
1626
1338
1471
1182
1819
1819
1338
1471
1316
1689
1650
1288
1347
1628
1558
2172
573
573
1782
1965
987
1601
1601
1140
2032
1024
1718
1718
1050
2013
1234
1303
1355
1650
1512
1339
1496
1438
1691
1211
1541
1395
1845
896
1809
1293
1293
1723
1042
2057
1220
1517
1207
1860
1366
1308
1381
1622
1622
1307
1279
1650
1632
907
1810
1291
1652
1141
1771
1245
1820
1007
1685
1459
1705
1226
1405
1538
1701