6
7000
9722
8052
5364
6
17
9560
38
6
6002
6
12
11490
10597
11212
5485
14202
10363
6
12
13405
10153
11586
6
8691
11644
5370
6
17
13296
8467
8878
5352
13365
7676
10020
5116
6
10
59
6
10066
9196
5926
8143
9720
112
6
17
38
6
324
6494
49
35
8605
8944
6419
145
194
6047
6
11
9351
4970
7288
27
4572
6
9062
6
6
6085
7
67
10679
4004
8087
6
6
7518
9169
5323
7232
19
7649
6
7943
6940
6
9674
27
8197
8706
5569
9478
9423
11162
5002
24
11537
10440
6
5985
6
13208
10369
11566
5468
14181
11161
6
175
11838
5361
6
6
97
6
7108
6
179
13
10297
6
8
13233
9137
5919
6
10
7371
6
36
10184
6
6
8867
6
9211
7476
6205
8683
129
5740
6
7
8574
25
91
8878
6
6
9084
9391
4520
8031
6727
5474
6
14
4260
8064
22
6113
6
19
13
7921
6
12
7505
9066
5391
64
6
6
8162
8622
6
5552
7856
6
9385
11085
4973
6
16
6
8
9431
5988
13128
10050
11678
16
11471
10357
11208
10202
11244
5953
6
8
13919
8614
14033
96
10375
51
6
5269
6
6
13296
6446
6
8
7389
10
50
10089
6558
6
8826
9325
8177
9785
8119
6201
6
5841
10075
6
7655
7623
131
22
5881
27
153
5620
6
17
9068
40
6
10824
86
6
177
6
31
4374
41
8
6415
10973
3741
8077
6
6
6
5511
7333
6
8241
6
17
7641
9098
7
5243
6
6
9511
6
9354
35
32
35
11534
5983
27
13075
110
27
6
6
6
14053
10121
11154
52
5921
22
13184
6
8572
10292
5241
6
6
10677
6656
10020
26
6
6
8807
6
6
12
8125
9793
8178
6181
6
6
7197
5807
10107
6
6
6
8678
9127
8054
41
17
6011
6
6
9262
6
11541
89
6
23
5082
7639
6
6
6410
54
6
10580
90
6
4041
8228
9141
5450
40
6
6
6
7686
6
9719
8149
5257
6
17
14
6994
6
5041
6
17
11549
6
10191
11448
6018
6
17
14102
10134
96
6
11955
5435
5432
6
6
13254
6
6
6
11616
8922
10
13324
7453
10233
5014
6
6
6
9061
5900
8156
6
9415
6
10222
148
6
16
21
6965
6199
8659
9068
6
8793
6426
86
6
81
6
23
6
6
9622
4664
7322
6
9
4517
8121
6
6
6087
6
10734
4015
4414
7524
9101
100
6
5327
7197
6
6
6
8752
5543
7891
6
9
6963
9762
11516
6
6
9522
6
9423
11194
5023
6
23
9851
11829
5393
6
15
14121
9738
11701
5769
6
17
14348
8334
11536
6
7456
8598
10360
5254
6
16
13309
6318
6
13
7401
10188
9096
5878
6
6
9263
7352
6178
6
6246
6
8785
6
12
8687
6
45
7704
7470
6082
9121
9631
4481
53
123
48
5503
6
6
7556
27
5326
11347
4255
8108
6
3750
8002
6
15
7531
9061
6446
11098
8269
8739
5569
9136
5556
7380
6
11
5088
6
6
18
9532
6
9459
11189
13336
10177
11180
162
11
6034
6
14
5897
6
6
13893
15
52
8728
11827
17
6
6
13436
8529
10425
5300
6
10543
239
6577
6538
7384
6
6
8955
6
14
31
6235
6
6
8889
9335
5823
10129
7843
6
61
6
25
67
6
6
6
8100
6593
82
46
5499
4599
11713
5077
7617
24
5408
6
11304
6437
11128
3814
15
6187
10770
4116
8286
7340
7697
9271
5469
7304
6
6
8294
5264
27
9593
9748
8146
34
6
29
38
6066
6
6
110
43
152
66
5533
6
6
14200
10337
11200
10369
6
8599
14028
8402
12011
5419
6
12
13325
10156
5125
8932
10854
6
13383
6
7671
10312
9151
6034
6
8251
9805
8297
7444
8764
9570
6903
5796
6
11
6
6
6
6
6
7
8760
8943
6735
6052
9151
9482
4849
7360
6
6
4518
6
8112
6
6149
6
43
10500
4231
8251
9127
5316
39
81
7196
7688
7515
6
7875
6
6923
9734
6
6
67
5401
10462
9442
11131
5128
6
12
11522
6
6
11
6179
6
13361
10294
11650
5533
14143
131
56
8675
11567
5445
6
11
10140
8573
10578
5266
6
12
13426
7663
7441
10278
9281
5964
6
6
6
6
6229
6
6
6
17
8914
9328
7512
8818
10148
6
7806
7898
5745
6
6
6714
5614
9084
6
9519
4955
9344
8083
89
6
6
6
4362
8079
6
11
6
6461
11060
3832
8074
6
6
7512
5471
7354
8305
8607
5769
6
7677
14
6961
9816
8104
5282
9559
9475
11324
5112
10151
6
11599
10406
11442
5937
6
13287
6
11711
5560
14194
10349
11254
5882
14108
5270
27
11604
5440
13371
6
8573
10615
7409
6
9
8949
10911
6593
6527
6
8943
7
8208
9976
8140
6245
6
16
9649
6768
5960
10172
6
7879
8764
6
11
9370
8117
6834
5523
6
6062
6
6
6
5406
6
4674
11441
5301
7730
6
10712
4116
8285
6
10
6489
11031
27
7707
6
9293
5524
7337
24
7260
9792
8217
5328
27
9659
5507
8034
6983
6
16
11597
10412
11372
5994
6
6
14149
6
10352
6
11842
5515
6
6
152
55
8656
11675
37
5451
13357
77
6
10120
5132
9019
6
14
13518
7621
9942
7501
10343
9109
6022
6
6
8294
6292
6
6
8818
9618
6837
34
42
6676
5997
5806
6
8672
7
115
9057
7
4614
6
9071
9686
4827
7414
6
10773
11375
4439
8194
6
9
6243
6
6
6
6
7571
9184
5472
7237
6
8348
6
8791
5622
7997
6
14
7025
5038
6
11558
6
8
9668
9463
11277
13313
6
9784
12054
5500
6
9
12
10396
11175
5903
6
17
14204
6
8637
6
10
13443
6
6
48
7620
10081
10
7458
6
10132
9217
6692
6456
6
8874
9277
7517
6195
27
6196
6
8
5773
6
12
33
6
6
28
20
41
8079
6808
5582
6
6
9071
20
5215
7697
5384
11292
4497
12
6
11557
55