801
751
560
706
782
488
804
681
746
462
764
681
714
480
877
584
809
458
881
621
737
455
943
599
786
458
689
871
508
635
526
826
515
827
725
590
614
782
679
608
676
777
630
598
681
810
612
577
811
688
674
620
695
818
590
619
574
627
770
729
605
589
776
827
479
747
341
1068
1068
449
771
501
1062
384
827
486
1044
347
863
627
506
1045
343
847
601
803
472
774
767
633
866
646
488
698
718
801
704
715
823
454
765
719
767
487
790
667
748
461
862
650
755
464
470
888
566
818
458
872
580
792
462
939
566
801
447
700
871
494
652
529
817
734
583
603
783
676
662
613
660
780
621
620
669
814
810
593
605
826
682
616
602
757
757
793
604
757
355
1073
431
793
786
417
1050
381
840
477
1033
344
865
496
1013
380
840
614
823
526
525
728
635
825
514
768
648
806
494
756
551
832
623
503
691
716
787
479
756
709
770
489
798
677
653
653
733
444
864
566
787
458
873
564
814
457
678
865
507
636
641
529
811
732
574
615
773
689
594
649
768
634
626
643
822
602
584
596
814
675
702
595
710
800
690
812
598
637
742
738
602
602
593
771
834
452
770
497
1009
349
364
766
518
1035
352
844
604
843
540
874
625
847
507
766
660
788
666
790
485
762
533
870
618
488
710
705
810
468
766
705
772
485
800
681
730
445
852
667
737
475
889
567
808
451
869
586
770
469
925
571
779
471
684
861
499
640
523
815
732
583
603
797
672
598
656
781
600
639
662
816
570
639
601
825
681
688
616
743
743
865
393
645
334
1066
460
787
430
1040
390
831
486
1019
345
854
516
1033
1031
332
843
613
840
513
721
624
854
472
782
662
800
475
756
553
547
849
628
492
702
714
812
469
767
715
776
489
805
685
713
475
460
859
652
737
483
879
579
792
458
857
614
614
730
475
530
830
819
777
462
600
788
695
597
661
655
795
613
612
659
820
579
591
814
674
694
602
693
816
585
638
751
733
599
614
763
901
391
769
328
1057
457
812
415
1041
392
837
506
1019
337
859
493
1046
348
839
333
841
606
832
515
717
629
863
477
763
665
781
483
759
553
704
767
858
612
490
802
682
740
450
469
859
657
745
468
872
568
813
461
862
631
729
471
921
571
772
573
773
461
691
874
498
637
521
824
730
587
603
807
669
602
653
667
786
612
623
662
824
580
600
598
826
651
705
605
698
899
407
753
883
410
768
333
1071
452
797
428
1041
382
827
504
1002
358
850
517
1034
355
835
611
611
834
510
720
626
854
492
764
661
781
480
765
508
755
550
829
615
480
803
708
795
468
768
700
756
448
887
684
714
464
854
627
732
457
935
920
585
763
464
679
854
511
628
495
640
518
816
740
585
605
801
682
603
665
782
610
606
664
835
649
840
571
595
830
699
633
600
589
696
814
386
779
334
1068
437
1065
439
812
411
1030
404
842
494
1003
344
858
509
1033
353
846
603
602
830
517
732
604
870
480
772
662
804
454
758
542
853
599
504
491
689
707
817
439
852
664
733
456
787
528
841
455
853
627
723
723
470
913
587
756
461
681
874
506
630
518
826
737
568
596
792
614
808
642
614
643
797
688
604
681
805
581
606
821
714
625
592
690
804
596
646
336
1068
428
826
450
779
453
1042
356
844
493
1003
1019
333
850
489
1038
360
841
594
822
607
885
468
719
542
845
603
494
651
700
799
481
743
716
739
500
806
683
735
447
849
679
714
469
881
577
794
456
858
588
770
723
466
917
579
776
452
676
879
858
491
633
544
802
747
629
662
618
658
806
592
596
809
684
682
598
681
798
597
632
753
705
630
589
761
905
382
761
329
1049
444
795
442
1038
367
824
495
1018
319
847
514
1067
1067
845
603
862
478
480
720
623
873
472
484
687
726
483
747
545
844
776
479
806
648
772
464
856
656
733
448
885
563
797
452
859
613
739
455
923
591
779
462
673
866
477
477
639
517
818
744
561
608
806
655
597
676
744
656
609
652
807
606
592
820
617
732
598
684
797
592
641
336
720
607
585
776
885
354
843
491
1056
444
798
437
1066
352
836
608
608
1038
493
739
619
860
482
771
666
783
488
757
535
866
612
488
608
487
692
722
805
465
763
703
723
750
498
798
682
741
444
857
661
725
452
890
573
800
476
676
676
619
739
636
522
820
728
582
756
561
599
790
666
577
679
758
600
643
667
790
582
605
819
659
673
691
600
700
787
600
632
326
757
339
1061
443
803
413
1067
352
452
1038
354
839
501
1019
325
861
842
519
1031
343
843
656
810
460
461
766
534
839
613
496
682
724
717
774
492
752
720
762
471
810
766
513
837
740
795
795
530
